86 83
15 77
35 93
92 86
21 49
27 62
59 90
26 63
26 40
36 72
68 11
29 67
30 82
23 62
35 67
2 29
58 22
67 69
56 93
42 11
73 29
19 21
37 84
24 98
70 15
26 13
80 91
73 56
70 62
81 96
25 5
27 84
5 36
29 46
57 13
95 24
45 82
67 14
64 34
50 43
8 87
78 76
84 88
51 3
99 54
60 32
68 76
12 39
86 26
39 94
480570 140795
960378 651434
66601 97467
612902 710097
570492 573317
260756 926652
560280 997301
209441 724286
429689 953865
346619 228444
744729 558440
108117 958031
905771 738097
890675 834481
698927 120709
777856 704567
872353 179497
276965 254586
964683 455306
28624 406219
332871 51528
48829 805732
530019 409503
363368 258270
486715 959708
518149 226340
700723 747796
2245 142618
493451 122846
243555 892921
597488 192379
888228 537764
792350 469841
441500 165193
87764 757034
324914 470124
275856 936987
346491 373743
148365 322227
281936 709859
452551 151432
899228 316437
975407 153275
276121 901474
794395 468858
661237 36029
573793 908235
894428 65818
231011 366143
639529 335928
